% -------------------------------------------------------------------
%  Generated by MATLAB on 15-May-2021 00:46:45
%  MATLAB version: 9.4.0.813654 (R2018a)
% -------------------------------------------------------------------
                                                       

G = -5;

Kb = 0.4;

Kd = 15;

Ki = 200;

Km = 0.7;

Kp = 300;

La = 0.0062000000000000006;

Ra = 1.8;

l1 = 0.315;

l2 = 0.825;

phi = [1.5707963267948966; 3.6651914291880918; 5.7595865315812871];

phi1 = 1.5707963267948966;

phi2 = 3.6651914291880918;

phi3 = 5.7595865315812871;

r = 0.15000000000000002;

r1 = 0.225;

r2 = 0.075;

smiData = struct;
smiData.RigidTransform = struct;
smiData.RigidTransform(1).translation = ...
  [0 5.0000000000000044 0];
smiData.RigidTransform(1).angle = 2.0943951023931953;
smiData.RigidTransform(1).axis = [-0.57735026918962584 -0.57735026918962584 ...
                                  -0.57735026918962584];
smiData.RigidTransform(1).ID = ['B[Platform_Fixed-Hornet565_1-1:-:Part6' ...
                                '_Gripper-1]'];
smiData.RigidTransform(2).translation = ...
  [-1.89973800678137E-11 1.9706935572707309E-11 5];
smiData.RigidTransform(2).angle = 3.1415926535897896;
smiData.RigidTransform(2).axis = [1 2.382396477422661E-31 1.3685858335115521E-16 ...
                                  ];
smiData.RigidTransform(2).ID = ['F[Platform_Fixed-Hornet565_1-1:-:Part6' ...
                                '_Gripper-1]'];
smiData.RigidTransform(3).translation = ...
  [-137.67968865895097 -180.31821592803641 4.80706096018358E-13];
smiData.RigidTransform(3).angle = 1.8234765819368774;
smiData.RigidTransform(3).axis = [0.77459666924156334 0.44721359549988993 ...
                                  0.44721359549988721];
smiData.RigidTransform(3).ID = ['B[Base-Hornet565_1-1:-:InnerArm-Hornet' ...
                                '565_1-1]'];
smiData.RigidTransform(4).translation = ...
  [-2.2737367544323206E-13 -3.3395508580724709E-13 -61.074999999538186];
smiData.RigidTransform(4).angle = 2.3843961910368675E-15;
smiData.RigidTransform(4).axis = [-0.20952908873025508 0.977802414077542 ...
                                  -2.4425521956894256E-16];
smiData.RigidTransform(4).ID = ['F[Base-Hornet565_1-1:-:InnerArm-Hornet' ...
                                '565_1-1]'];
smiData.RigidTransform(5).translation = ...
  [-87.320311428942475 209.39321592802486 3.0487724112782341E-13];
smiData.RigidTransform(5).angle = 2.418858405776517;
smiData.RigidTransform(5).axis = [-0.37796447300914526 -0.65465367070800007 ...
                                  0.65465367070800151];
smiData.RigidTransform(5).ID = ['B[Base-Hornet565_1-1:-:InnerArm-Hornet' ...
                                '565_1-2]'];
smiData.RigidTransform(6).translation = ...
  [-2.5579538487363607E-13 -1.1525003174028825E-10 -61.075000000161083];
smiData.RigidTransform(6).angle = 2.9504581591051767E-15;
smiData.RigidTransform(6).axis = [-0.075257669470686808 0.99716412048661318 ...
                                  -1.1070745658943174E-16];
smiData.RigidTransform(6).ID = ['F[Base-Hornet565_1-1:-:InnerArm-Hornet' ...
                                '565_1-2]'];
smiData.RigidTransform(7).translation = ...
  [225.00000008799987 -29.075000000000781 -7.8558333714655324E-13];
smiData.RigidTransform(7).angle = 2.0943951023931975;
smiData.RigidTransform(7).axis = [-0.57735026918962651 -0.5773502691896244 ...
                                  -0.57735026918962651];
smiData.RigidTransform(7).ID = ['B[Base-Hornet565_1-1:-:InnerArm-Hornet' ...
                                '565_1-3]'];
smiData.RigidTransform(8).translation = ...
  [-2.8247813060842627E-13 2.432898327242583E-11 -61.075];
smiData.RigidTransform(8).angle = 3.2067068968307945E-15;
smiData.RigidTransform(8).axis = [0.13534515319624155 0.99079851105372885 ...
                                  2.1500933870650151E-16];
smiData.RigidTransform(8).ID = ['F[Base-Hornet565_1-1:-:InnerArm-Hornet' ...
                                '565_1-3]'];
smiData.RigidTransform(9).translation = ...
  [314.99999979398831 -0.011388232616808826 -107.00000000000107];
smiData.RigidTransform(9).angle = 3.4914813388395405E-15;
smiData.RigidTransform(9).axis = [-0.079329040234651871 0.99684848566642714 ...
                                  -1.3805148510156293E-16];
smiData.RigidTransform(9).ID = ['B[InnerArm-Hornet565_1-3:-:Part4.Doubl' ...
                                'e_Join_edit-1]'];
smiData.RigidTransform(10).translation = ...
  [-9.4734767113980381E-11 -74.999999999999986 6.47656359824505E-11];
smiData.RigidTransform(10).angle = 2.0943951023931948;
smiData.RigidTransform(10).axis = [-0.57735026918962562 -0.57735026918962618 ...
                                   -0.57735026918962562];
smiData.RigidTransform(10).ID = ['F[InnerArm-Hornet565_1-3:-:Part4.Doub' ...
                                 'le_Join_edit-1]'];
smiData.RigidTransform(11).translation = ...
  [0 -46.999999999999979 -30.000000000000053];
smiData.RigidTransform(11).angle = 0;
smiData.RigidTransform(11).axis = [0 0 0];
smiData.RigidTransform(11).ID = ['B[Part4.Double_Join_edit-1:-:Part3.Dr' ...
                                 'iven_ArmSLDPRT-3]'];
smiData.RigidTransform(12).translation = ...
  [412.5000000000075 -30.000000000000085 -1.9099388737231493E-11];
smiData.RigidTransform(12).angle = 2.0943951023931962;
smiData.RigidTransform(12).axis = [-0.577350269189626 -0.57735026918962573 ...
                                   -0.57735026918962562];
smiData.RigidTransform(12).ID = ['F[Part4.Double_Join_edit-1:-:Part3.Dr' ...
                                 'iven_ArmSLDPRT-3]'];
smiData.RigidTransform(13).translation = ...
  [0 46.999999999999986 -30.000000000000028];
smiData.RigidTransform(13).angle = 0;
smiData.RigidTransform(13).axis = [0 0 0];
smiData.RigidTransform(13).ID = ['B[Part4.Double_Join_edit-1:-:Part3.Dr' ...
                                 'iven_ArmSLDPRT-4]'];
smiData.RigidTransform(14).translation = ...
  [412.50000000001978 -30.000000000000028 -1.8928858480649069E-11];
smiData.RigidTransform(14).angle = 2.0943951023931953;
smiData.RigidTransform(14).axis = [-0.57735026918962584 -0.577350269189626 ...
                                   -0.57735026918962562];
smiData.RigidTransform(14).ID = ['F[Part4.Double_Join_edit-1:-:Part3.Dr' ...
                                 'iven_ArmSLDPRT-4]'];
smiData.RigidTransform(15).translation = ...
  [314.99999979398831 -0.011388232616808823 -107.00000000000115];
smiData.RigidTransform(15).angle = 3.4528184370172111E-15;
smiData.RigidTransform(15).axis = [-0.0802173264131292 0.99677739768873652 ...
                                   -1.3804164027462728E-16];
smiData.RigidTransform(15).ID = ['B[InnerArm-Hornet565_1-1:-:Part4.Doub' ...
                                 'le_Join_edit-2]'];
smiData.RigidTransform(16).translation = ...
  [-1.3352519090403803E-10 75.000000001579124 -9.1419904632572546E-11];
smiData.RigidTransform(16).angle = 2.0943951023931944;
smiData.RigidTransform(16).axis = [0.57735026918962529 -0.5773502691896254 ...
                                   0.57735026918962651];
smiData.RigidTransform(16).ID = ['F[InnerArm-Hornet565_1-1:-:Part4.Doub' ...
                                 'le_Join_edit-2]'];
smiData.RigidTransform(17).translation = ...
  [0 -47.000000000000014 -29.999999999999915];
smiData.RigidTransform(17).angle = 1.3851064991065782E-16;
smiData.RigidTransform(17).axis = [-1 0 -0];
smiData.RigidTransform(17).ID = ['B[Part4.Double_Join_edit-2:-:Part3.Dr' ...
                                 'iven_ArmSLDPRT-1]'];
smiData.RigidTransform(18).translation = ...
  [412.49999999987512 -29.999999999910756 -3.4106051316484809E-13];
smiData.RigidTransform(18).angle = 2.0943951023930403;
smiData.RigidTransform(18).axis = [-0.57735026918957411 -0.5773502691897302 ...
                                   -0.577350269189573];
